      0/99    0.837G    0.0685  0.006576   0.03608    0.1112         3       416         0         0         0         0   0.09286  0.005606   0.04161
      1/99     3.07G   0.05694  0.004434   0.02855   0.08992         1       416         0         0         0         0    0.1033   0.02327   0.07423
      2/99     3.79G   0.05336  0.003759   0.02541   0.08254         5       416         0         0         0         0   0.09776  0.003325   0.04806
      3/99     3.79G   0.05378  0.003404   0.02535   0.08254         0       416         0         0         0         0    0.1106  0.001671      0.22
      4/99     3.79G   0.05063  0.003461   0.02277   0.07686         0       416         0         0         0         0   0.09721  0.003852   0.03846
      5/99     3.79G   0.04375  0.003377   0.02097    0.0681         3       416         0         0         0         0   0.09772  0.003427     0.123
      6/99     3.79G   0.04106  0.003237    0.0194    0.0637         1       416         0         0         0         0    0.0987  0.003493   0.03873
      7/99     3.79G   0.04487  0.003357   0.02104   0.06927         3       416         0         0         0         0   0.09857    0.0034   0.05032
      8/99     3.79G   0.03934  0.003421   0.01863   0.06139         1       416         0         0         0         0   0.09663  0.003707   0.04169
      9/99     3.79G    0.0411  0.003645   0.01985    0.0646         9       416         0         0         0         0   0.09712  0.003613   0.03799
     10/99     3.79G   0.04095  0.003597    0.0196   0.06414         1       416         0         0         0         0   0.09457  0.004053    0.0496
     11/99     3.79G   0.03903  0.003457   0.01943   0.06192         2       416         0         0         0         0   0.09526  0.004062   0.03913
     12/99     3.79G   0.04052  0.003496   0.01975   0.06376         3       416         0         0         0         0   0.09332  0.003983   0.03935
     13/99     3.79G   0.04199   0.00358   0.02037   0.06594         2       416         0         0         0         0   0.09228  0.003888   0.05203
     14/99     3.79G   0.04125  0.003509   0.02016   0.06493         0       416         0         0         0         0   0.09082  0.004031   0.03674
     15/99     3.79G   0.04095  0.003533   0.01969   0.06417         7       416         0         0         0         0    0.0918  0.003877     0.037
     16/99     3.79G   0.04099  0.003671   0.02018   0.06484         1       416         0         0         0         0    0.0911  0.003989   0.03817
     17/99     3.79G   0.04031  0.003395   0.01951   0.06322         3       416         0         0         0         0   0.09167  0.003896   0.03827
     18/99     3.79G   0.03777  0.003492   0.01876   0.06002         8       416         0         0         0         0   0.09112  0.004092   0.03697
     19/99     3.79G   0.04141  0.003611   0.01974   0.06476         9       416         0         0         0         0   0.09123   0.00404   0.03849
     20/99     3.79G   0.04494  0.003632     0.021   0.06956         2       416         0         0         0         0   0.09089  0.004055    0.0389
     21/99     3.79G   0.04333  0.003739   0.02034   0.06741         6       416         0         0         0         0   0.09134  0.003965   0.03767
     22/99     3.79G   0.04302  0.003452   0.01996   0.06642         2       416         0         0         0         0   0.09107  0.003994   0.03749
     23/99     3.79G   0.04293  0.003734   0.02043    0.0671         9       416    0.3489  0.002597 0.0006788 0.0003394   0.09095  0.003986     0.039
     24/99     3.79G      0.04  0.003691   0.01936   0.06305         4       416    0.2291  0.002597 8.233e-05 8.233e-06   0.09105  0.004098   0.03589
     25/99     3.79G   0.04068  0.003677   0.01944    0.0638         6       416    0.1456  0.007792 0.0008446 0.0001771    0.0889  0.004307   0.03565
     26/99     3.79G   0.04587  0.003805   0.02397   0.07364         8       416   0.07891  0.002597  0.003395  0.001666   0.08835  0.004443   0.03574
     27/99     3.79G    0.0379   0.00389   0.01894   0.06073         3       416    0.3238  0.002597  0.001481 0.0008614   0.08789  0.004331   0.03551
     28/99     3.79G   0.03747  0.003763   0.01871   0.05994         0       416    0.1342  0.002597  0.003222  0.002087   0.08686  0.004442   0.03556
     29/99     3.79G   0.03931  0.003957   0.01968   0.06295         1       416    0.4297  0.005195 0.0007804 0.0002977   0.08592  0.004649   0.03542
     30/99     3.79G   0.03475  0.004237   0.01823   0.05721         8       416    0.3216   0.03208  0.009105   0.00406     0.084  0.004545   0.03535
     31/99     3.79G   0.03711  0.004191   0.01907   0.06038        12       416   0.06816    0.1292   0.01701  0.006208   0.08365  0.004196    0.0354
     32/99     3.79G   0.03622  0.004396    0.0188   0.05942        12       416    0.3175   0.03991   0.01561  0.005831   0.08376   0.00432   0.03759
     33/99     3.79G   0.03695  0.004469   0.01941   0.06083         2       416    0.1304    0.1667   0.02594   0.01159   0.08143  0.003909   0.03547
     34/99     3.79G   0.03442  0.004516   0.01932   0.05826         6       416    0.1326     0.218   0.03139   0.01478    0.0804  0.003862   0.03537
     35/99     3.79G   0.03561  0.004273   0.01901   0.05889         2       416     0.138    0.1968   0.03551   0.01618   0.08073  0.003897   0.03505
     36/99     3.79G   0.03759  0.004385   0.01987   0.06185        10       416   0.08686   0.07146   0.01602  0.005765   0.08624   0.00433    0.0371
     37/99     3.79G   0.03582  0.004359   0.01925   0.05943         2       416    0.2519   0.08724   0.02256   0.01087   0.08205  0.004059   0.03558
     38/99     3.79G    0.0376  0.004302   0.01934   0.06125         5       416    0.1337    0.1385   0.02885   0.01498   0.08184  0.003815    0.0354
     39/99     3.79G   0.03598  0.004447   0.01875   0.05917         8       416     0.187    0.2121     0.035    0.0138   0.08069  0.003661   0.03532
     40/99     3.79G   0.03405  0.004327   0.01842   0.05679         7       416    0.1976    0.1866   0.05068   0.02533   0.07943  0.003659   0.03518
     41/99     3.79G   0.03597   0.00447   0.01902   0.05946         0       416    0.1782    0.2179   0.05275   0.02799   0.07955  0.003485   0.03495
     42/99     3.79G   0.03414  0.004453   0.01812   0.05671         0       416    0.2071    0.2071   0.06533   0.03644   0.07865  0.003376   0.03452
     43/99     3.79G    0.0372  0.004462    0.0203   0.06196         3       416    0.6325   0.04804   0.03309   0.01643   0.08044  0.003614   0.03601
     44/99     3.79G   0.03792  0.004333   0.01958   0.06184         2       416    0.2026    0.1995   0.06233   0.03639   0.07783  0.003633    0.0342
     45/99     3.79G   0.03292  0.004457   0.01804   0.05542         0       416    0.2415    0.1717   0.06736   0.03702   0.07758  0.003502   0.03413
     46/99     3.79G   0.03404  0.004434   0.01768   0.05616         1       416     0.175    0.1865   0.04236   0.02375   0.07977  0.003775   0.03439
     47/99     3.79G   0.03343  0.004534   0.01812   0.05608         1       416    0.3445   0.09589   0.08269   0.04374   0.07863  0.003676   0.03435
     48/99     3.79G   0.03201  0.004333   0.01766     0.054         6       416    0.2079    0.2409   0.07519   0.03555   0.07819  0.003545    0.0344
     49/99     3.79G    0.0312  0.004541   0.01747   0.05321         0       416    0.1802    0.2653   0.06828   0.03489   0.07686  0.003493   0.03419
     50/99     3.79G   0.03302  0.004611   0.01814   0.05577        12       416    0.3686    0.1714   0.07916   0.04295   0.07674  0.003441   0.03418
     51/99     3.79G   0.03558  0.004674   0.01924    0.0595         0       416    0.1773    0.2792   0.05896    0.0286   0.07872  0.003654   0.03459
     52/99     3.79G    0.0345  0.004515   0.01876   0.05778         1       416    0.2758    0.2202   0.08658   0.04905   0.07777   0.00352   0.03437
     53/99     3.79G   0.03225  0.004677    0.0177   0.05463         1       416    0.2078    0.3307   0.07392   0.04623   0.07776  0.003436   0.03437
     54/99     3.79G   0.03363  0.004715   0.01801   0.05636         7       416    0.3546    0.1697   0.09238   0.06049    0.0763  0.003422   0.03423
     55/99     3.79G   0.03373  0.004411   0.01789   0.05603         3       416    0.2805    0.2012    0.1121   0.06973   0.07641  0.003412   0.03429
     56/99     3.79G   0.03543  0.004566   0.01885   0.05885         4       416    0.2979    0.2218    0.1342   0.07878   0.07621  0.003273    0.0342
     57/99     3.79G   0.03531  0.004738   0.01837   0.05841         8       416     0.296     0.208    0.1169   0.06629   0.07681  0.003322   0.03419
     58/99     3.79G   0.03452  0.004739   0.01828   0.05753         3       416    0.2929    0.2704    0.1128   0.07274   0.07565  0.003321   0.03419
     59/99     3.79G   0.02709  0.004577   0.01615   0.04782        11       416     0.659    0.1178    0.1423   0.09366   0.07548  0.003199   0.03409
     60/99     3.79G   0.03314  0.004622   0.01772   0.05549         1       416    0.3386    0.2369    0.1323   0.06958    0.0762  0.003189   0.03392
     61/99     3.79G   0.03277  0.004535   0.01777   0.05508         1       416    0.3046    0.2387    0.1091   0.06479   0.07585  0.003277   0.03404
     62/99     3.79G   0.03317  0.004618   0.01782    0.0556         1       416    0.4034    0.2101    0.1074   0.06519   0.07533  0.003181   0.03383
     63/99     3.79G    0.0327  0.004618   0.01776   0.05507         3       416    0.3988    0.2113    0.1145    0.0705   0.07473  0.003139   0.03366
     64/99     3.79G    0.0301  0.004625   0.01701   0.05173         1       416     0.489    0.1855    0.1597   0.08936   0.07575  0.003043   0.03357
     65/99     3.79G   0.03139  0.004447   0.01724   0.05307         3       416    0.3979    0.2784    0.1445    0.0804    0.0757  0.003111   0.03335
     66/99     3.79G   0.03253  0.004577   0.01733   0.05444         1       416    0.3995    0.2232    0.1437   0.08601   0.07467  0.003132   0.03335
     67/99     3.79G   0.03127  0.004558   0.01734   0.05317         3       416    0.3418    0.2908    0.1351   0.07311   0.07533  0.003106   0.03354
     68/99     3.79G    0.0323  0.004699   0.01752   0.05452         3       416    0.3736    0.2039    0.1266   0.07628   0.07383  0.003154   0.03344
     69/99     3.79G   0.02927  0.004807   0.01679   0.05086         7       416    0.2575    0.3312    0.1448   0.07732     0.075  0.003048   0.03332
     70/99     3.79G   0.02754  0.004833   0.01586   0.04823         5       416    0.3614    0.2762    0.1492   0.08592   0.07478  0.002971   0.03313
     71/99     3.79G   0.02938  0.004532   0.01623   0.05014         6       416    0.2808    0.3295    0.1586    0.1037   0.07432  0.003191   0.03321
     72/99     3.79G   0.03272  0.004656   0.01749   0.05487         2       416    0.3667    0.2375    0.1475   0.08478   0.07491  0.002981   0.03308
     73/99     3.79G   0.03045  0.004744    0.0166   0.05179         4       416    0.3179    0.2882     0.143   0.08898   0.07511  0.003002   0.03331
     74/99     3.79G    0.0327  0.004607   0.01738   0.05468         9       416    0.7784    0.1237    0.1765   0.09822   0.07506  0.002972   0.03304
     75/99     3.79G   0.03386  0.004739   0.01801   0.05661         1       416    0.4519    0.1944    0.1549   0.08815   0.07506  0.003042   0.03302
     76/99     3.79G   0.03078  0.004482   0.01677   0.05203         1       416    0.4336    0.2088    0.1657     0.104   0.07441  0.003029   0.03291
     77/99     3.79G   0.03592  0.004714   0.01798   0.05861         3       416    0.4203     0.239    0.1687    0.1036   0.07431  0.003011    0.0327
     78/99     3.79G   0.03068  0.004725    0.0167    0.0521         8       416    0.3997    0.2272    0.1789   0.09559    0.0749  0.002978    0.0327
     79/99     3.79G    0.0319  0.004565   0.01738   0.05385         1       416    0.6464    0.1849    0.1855    0.1145   0.07375  0.002931   0.03274
     80/99     3.79G   0.03218  0.004578   0.01737   0.05413         3       416    0.3599    0.2522    0.1809    0.1132   0.07402  0.002987   0.03256
     81/99     3.79G   0.02997  0.004628   0.01651   0.05111         1       416     0.412    0.2907    0.1842    0.1175   0.07323  0.002931   0.03252
     82/99     3.79G   0.02882   0.00451   0.01642   0.04975         5       416    0.5263    0.1779    0.1819    0.1106   0.07292  0.002923   0.03246
     83/99     3.79G    0.0298  0.004642   0.01622   0.05066         3       416    0.4749    0.2353    0.1865    0.1177   0.07358  0.002884    0.0324
     84/99     3.79G   0.02918  0.004615   0.01607   0.04987         7       416    0.4803    0.2072    0.1883    0.1157   0.07377  0.002846   0.03241
     85/99     3.79G   0.03156   0.00468   0.01675   0.05298         8       416    0.4637    0.2022    0.1935    0.1215   0.07273  0.002919   0.03232
     86/99     3.79G   0.02959    0.0046   0.01636   0.05054         6       416    0.3501    0.3227    0.2075    0.1159   0.07321  0.002856   0.03212
     87/99     3.79G   0.03232  0.004634   0.01703   0.05398         5       416    0.4254    0.2503    0.1922     0.114   0.07332  0.002853   0.03205
     88/99     3.79G   0.02946  0.004523   0.01615   0.05013         1       416    0.4409    0.2269    0.1919    0.1129   0.07299  0.002834   0.03214
     89/99     3.79G   0.02805  0.004538   0.01595   0.04855         1       416     0.409    0.2599    0.1967    0.1198   0.07272  0.002833   0.03205
     90/99     3.79G   0.02906  0.004616   0.01613   0.04981        10       416    0.4615    0.2776    0.2046    0.1333   0.07256  0.002757   0.03203
     91/99     3.79G   0.03613  0.004525   0.01806   0.05872         3       416    0.3901     0.265    0.2115    0.1244   0.07314  0.002765   0.03206
     92/99     3.79G   0.03037  0.004684   0.01643   0.05148         3       416    0.3884    0.3026    0.2095    0.1258   0.07244  0.002852   0.03201
     93/99     3.79G   0.03097  0.004729   0.01656   0.05225         0       416    0.4101    0.2585    0.2147    0.1232    0.0726  0.002843   0.03201
     94/99     3.79G   0.03387  0.004586   0.01737   0.05583         4       416    0.2963    0.3381    0.2103    0.1358   0.07214  0.002873   0.03188
     95/99     3.79G   0.03073   0.00459   0.01662   0.05194         3       416     0.382    0.3222    0.2086    0.1219   0.07274  0.002778   0.03187
     96/99     3.79G   0.03037  0.004666   0.01642   0.05145         9       416    0.3556    0.3274    0.2042    0.1291   0.07234  0.002788   0.03178
     97/99     3.79G   0.03203  0.004825   0.01749   0.05434         1       416    0.3956    0.2938     0.207    0.1252   0.07299  0.002826   0.03186
     98/99     3.79G   0.02791  0.004731   0.01563   0.04828         0       416    0.4107    0.3026    0.2188    0.1372   0.07267  0.002799   0.03179
     99/99     3.79G   0.03041  0.004711   0.01632   0.05144         3       416    0.4068    0.2787     0.224    0.1346     0.073  0.002756   0.03178
